1.160300000000000000e+04
2.935200000000000000e+04
7.774000000000000000e+03
1.022650000000000000e+05
3.117500000000000000e+04
1.250750000000000000e+05
2.251000000000000000e+04
1.000000000000000000e+02
1.246600000000000000e+04
1.304100000000000000e+04
1.058000000000000000e+03
3.606000000000000000e+03
1.372000000000000000e+03
9.736000000000000000e+03
9.200000000000000000e+01
9.740000000000000000e+02
2.313400000000000000e+04
2.980000000000000000e+02
2.690000000000000000e+03
1.933200000000000000e+04
5.735000000000000000e+03
2.069560000000000000e+05
7.430000000000000000e+02
8.734000000000000000e+03
2.850000000000000000e+02
1.435300000000000000e+04
4.239000000000000000e+03
9.855080000000000000e+05
3.670000000000000000e+02
2.789000000000000000e+03
1.563000000000000000e+03
8.771000000000000000e+03
3.533600000000000000e+04
4.113000000000000000e+03
1.448000000000000000e+03
2.020000000000000000e+02
1.826200000000000000e+04
1.664100000000000000e+04
1.480000000000000000e+02
2.690000000000000000e+03
1.496000000000000000e+03
2.121300000000000000e+04
5.998000000000000000e+03
3.777000000000000000e+03
4.900000000000000000e+01
3.200000000000000000e+02
2.606000000000000000e+03
1.018400000000000000e+04
1.125800000000000000e+04
1.670000000000000000e+02
2.650000000000000000e+02
0.000000000000000000e+00
0.000000000000000000e+00
0.000000000000000000e+00
1.158900000000000000e+04
9.130000000000000000e+02
2.130000000000000000e+02
1.360000000000000000e+02
4.377000000000000000e+03
2.490000000000000000e+02
0.000000000000000000e+00
0.000000000000000000e+00
0.000000000000000000e+00
6.400000000000000000e+01
4.150000000000000000e+02
8.812000000000000000e+03
1.220000000000000000e+02
0.000000000000000000e+00
7.130000000000000000e+02
8.870000000000000000e+03
4.401000000000000000e+03
8.790000000000000000e+02
1.514000000000000000e+03
3.250000000000000000e+02
0.000000000000000000e+00
9.930000000000000000e+02
1.400000000000000000e+02
0.000000000000000000e+00
9.840000000000000000e+02
0.000000000000000000e+00
0.000000000000000000e+00
0.000000000000000000e+00
7.910000000000000000e+02
1.230000000000000000e+02
0.000000000000000000e+00
0.000000000000000000e+00
1.010000000000000000e+02
3.050000000000000000e+02
3.190000000000000000e+02
7.339000000000000000e+03
2.150000000000000000e+02
7.883000000000000000e+03
0.000000000000000000e+00
6.210000000000000000e+02
3.610000000000000000e+02
0.000000000000000000e+00
4.615000000000000000e+03
1.250000000000000000e+02
1.332000000000000000e+03
0.000000000000000000e+00
2.630000000000000000e+02
0.000000000000000000e+00
0.000000000000000000e+00
1.555000000000000000e+03
0.000000000000000000e+00
2.370000000000000000e+02
0.000000000000000000e+00
0.000000000000000000e+00
1.867900000000000000e+04
5.495000000000000000e+03
9.263000000000000000e+03
0.000000000000000000e+00
1.000000000000000000e+00
3.900000000000000000e+02
0.000000000000000000e+00
1.841000000000000000e+03
2.121000000000000000e+03
5.519000000000000000e+03
2.840000000000000000e+02
1.087000000000000000e+03
6.840000000000000000e+02
3.800000000000000000e+01
0.000000000000000000e+00
3.253000000000000000e+03
4.180000000000000000e+02
2.037000000000000000e+03
1.263700000000000000e+04
1.420000000000000000e+02
1.144500000000000000e+04
2.900000000000000000e+02
1.680000000000000000e+02
0.000000000000000000e+00
8.600000000000000000e+01
1.940000000000000000e+02
5.000000000000000000e+00
1.595700000000000000e+04
0.000000000000000000e+00
2.236000000000000000e+03
6.310000000000000000e+02
2.530000000000000000e+02
4.430000000000000000e+02
0.000000000000000000e+00
1.953000000000000000e+03
2.630000000000000000e+02
2.210000000000000000e+02
0.000000000000000000e+00
0.000000000000000000e+00
0.000000000000000000e+00
3.120000000000000000e+03
4.980000000000000000e+02
1.295000000000000000e+03
5.650000000000000000e+02
0.000000000000000000e+00
0.000000000000000000e+00
0.000000000000000000e+00
0.000000000000000000e+00
0.000000000000000000e+00
0.000000000000000000e+00
0.000000000000000000e+00
0.000000000000000000e+00
0.000000000000000000e+00
0.000000000000000000e+00
0.000000000000000000e+00
1.310000000000000000e+02
3.129000000000000000e+03
0.000000000000000000e+00
1.044300000000000000e+04
0.000000000000000000e+00
2.710000000000000000e+02
0.000000000000000000e+00
3.000000000000000000e+01
0.000000000000000000e+00
0.000000000000000000e+00
0.000000000000000000e+00
0.000000000000000000e+00
1.210000000000000000e+02
2.729000000000000000e+03
1.960000000000000000e+02
0.000000000000000000e+00
8.122000000000000000e+03
0.000000000000000000e+00
2.455000000000000000e+03
2.296300000000000000e+04
1.583100000000000000e+04
1.637100000000000000e+04
1.630000000000000000e+03
0.000000000000000000e+00
0.000000000000000000e+00
1.680000000000000000e+02
1.530000000000000000e+02
4.940400000000000000e+04
6.290000000000000000e+02
0.000000000000000000e+00
2.466700000000000000e+04
2.930000000000000000e+02
7.360000000000000000e+02
1.433000000000000000e+03
1.070000000000000000e+02
1.097000000000000000e+03
8.600000000000000000e+01
2.008700000000000000e+04
3.129000000000000000e+03
3.160000000000000000e+02
0.000000000000000000e+00
1.582000000000000000e+03
4.390000000000000000e+02
3.408000000000000000e+04
9.730000000000000000e+02
2.233000000000000000e+04
1.282930000000000000e+05
6.480000000000000000e+03
2.546200000000000000e+04
2.703900000000000000e+04
7.452000000000000000e+03
4.140000000000000000e+02
6.877000000000000000e+03
