8.314000000000000000e+03
1.191800000000000000e+04
6.257800000000000000e+04
6.323000000000000000e+03
4.100000000000000000e+03
3.163700000000000000e+04
7.420000000000000000e+02
0.000000000000000000e+00
3.072800000000000000e+04
1.826000000000000000e+03
5.900800000000000000e+04
6.452000000000000000e+03
7.968000000000000000e+03
2.559000000000000000e+03
0.000000000000000000e+00
1.715000000000000000e+03
2.650000000000000000e+02
2.732000000000000000e+03
6.420000000000000000e+02
2.374000000000000000e+03
6.474000000000000000e+03
2.866000000000000000e+03
9.721000000000000000e+03
8.290000000000000000e+02
5.206500000000000000e+04
5.074300000000000000e+04
2.341200000000000000e+04
1.471200000000000000e+04
2.028700000000000000e+04
6.706000000000000000e+03
3.367000000000000000e+03
1.963000000000000000e+03
