6.394900000000000000e+04
4.456200000000000000e+04
5.885200000000000000e+04
5.016300000000000000e+04
5.562000000000000000e+04
3.254800000000000000e+04
5.206800000000000000e+04
6.307800000000000000e+04
5.311400000000000000e+04
3.439300000000000000e+04
5.178300000000000000e+04
6.270700000000000000e+04
3.677400000000000000e+04
3.928900000000000000e+04
7.727300000000000000e+04
6.259300000000000000e+04
5.641600000000000000e+04
6.234100000000000000e+04
4.467600000000000000e+04
4.936600000000000000e+04
4.258300000000000000e+04
6.114800000000000000e+04
6.258900000000000000e+04
3.573000000000000000e+04
5.868700000000000000e+04
4.630400000000000000e+04
4.179300000000000000e+04
5.765800000000000000e+04
4.698000000000000000e+04
5.589400000000000000e+04
5.531800000000000000e+04
8.194800000000000000e+04
5.974400000000000000e+04
5.340900000000000000e+04
4.805900000000000000e+04
5.339600000000000000e+04
5.824800000000000000e+04
6.374800000000000000e+04
3.186100000000000000e+04
7.256500000000000000e+04
8.640800000000000000e+04
6.382300000000000000e+04
3.833500000000000000e+04
5.719500000000000000e+04
4.328100000000000000e+04
7.715500000000000000e+04
4.525000000000000000e+04
4.794600000000000000e+04
6.762100000000000000e+04
6.725600000000000000e+04
