0.000000000000000000e+00
1.000000000000000000e+00
2.000000000000000000e+00
7.800000000000000000e+01
9.780000000000000000e+02
6.600000000000000000e+01
1.000000000000000000e+00
1.654000000000000000e+03
0.000000000000000000e+00
0.000000000000000000e+00
0.000000000000000000e+00
0.000000000000000000e+00
1.660000000000000000e+02
0.000000000000000000e+00
1.000000000000000000e+00
0.000000000000000000e+00
0.000000000000000000e+00
0.000000000000000000e+00
1.600000000000000000e+01
0.000000000000000000e+00
0.000000000000000000e+00
0.000000000000000000e+00
0.000000000000000000e+00
0.000000000000000000e+00
4.660000000000000000e+02
1.680000000000000000e+02
0.000000000000000000e+00
1.000000000000000000e+00
6.000000000000000000e+00
0.000000000000000000e+00
1.000000000000000000e+00
0.000000000000000000e+00
3.300000000000000000e+01
5.000000000000000000e+00
0.000000000000000000e+00
0.000000000000000000e+00
0.000000000000000000e+00
0.000000000000000000e+00
0.000000000000000000e+00
0.000000000000000000e+00
0.000000000000000000e+00
0.000000000000000000e+00
0.000000000000000000e+00
0.000000000000000000e+00
0.000000000000000000e+00
0.000000000000000000e+00
2.000000000000000000e+00
2.000000000000000000e+00
2.000000000000000000e+00
0.000000000000000000e+00
3.000000000000000000e+00
0.000000000000000000e+00
0.000000000000000000e+00
0.000000000000000000e+00
0.000000000000000000e+00
0.000000000000000000e+00
0.000000000000000000e+00
0.000000000000000000e+00
7.520000000000000000e+02
1.000000000000000000e+00
2.000000000000000000e+00
6.230000000000000000e+02
8.460000000000000000e+02
4.080000000000000000e+02
1.000000000000000000e+00
1.000000000000000000e+00
2.158000000000000000e+03
0.000000000000000000e+00
0.000000000000000000e+00
0.000000000000000000e+00
0.000000000000000000e+00
0.000000000000000000e+00
6.000000000000000000e+00
0.000000000000000000e+00
2.000000000000000000e+01
0.000000000000000000e+00
7.900000000000000000e+01
0.000000000000000000e+00
7.900000000000000000e+01
0.000000000000000000e+00
0.000000000000000000e+00
0.000000000000000000e+00
0.000000000000000000e+00
3.700000000000000000e+01
2.900000000000000000e+01
0.000000000000000000e+00
0.000000000000000000e+00
0.000000000000000000e+00
0.000000000000000000e+00
0.000000000000000000e+00
1.280000000000000000e+02
0.000000000000000000e+00
3.000000000000000000e+00
0.000000000000000000e+00
0.000000000000000000e+00
0.000000000000000000e+00
0.000000000000000000e+00
5.300000000000000000e+01
0.000000000000000000e+00
0.000000000000000000e+00
6.700000000000000000e+01
1.000000000000000000e+00
0.000000000000000000e+00
4.000000000000000000e+00
2.198000000000000000e+03
1.408000000000000000e+03
2.000000000000000000e+00
4.610000000000000000e+02
2.830000000000000000e+02
0.000000000000000000e+00
0.000000000000000000e+00
0.000000000000000000e+00
0.000000000000000000e+00
1.510000000000000000e+02
0.000000000000000000e+00
0.000000000000000000e+00
0.000000000000000000e+00
4.372800000000000000e+04
5.220000000000000000e+03
3.686000000000000000e+03
0.000000000000000000e+00
5.700000000000000000e+02
1.700000000000000000e+01
1.290000000000000000e+02
6.340000000000000000e+02
0.000000000000000000e+00
0.000000000000000000e+00
0.000000000000000000e+00
0.000000000000000000e+00
1.300000000000000000e+02
2.870000000000000000e+02
8.100000000000000000e+01
0.000000000000000000e+00
0.000000000000000000e+00
2.070000000000000000e+02
6.700000000000000000e+01
0.000000000000000000e+00
5.600000000000000000e+01
8.400000000000000000e+01
0.000000000000000000e+00
0.000000000000000000e+00
8.400000000000000000e+01
7.800000000000000000e+01
1.800000000000000000e+01
0.000000000000000000e+00
3.430000000000000000e+02
7.165000000000000000e+03
3.800000000000000000e+01
1.600000000000000000e+02
3.000000000000000000e+00
0.000000000000000000e+00
1.660000000000000000e+02
2.000000000000000000e+00
1.349000000000000000e+03
0.000000000000000000e+00
1.250000000000000000e+02
6.604000000000000000e+03
8.300000000000000000e+01
4.080000000000000000e+02
7.290000000000000000e+02
5.334000000000000000e+03
3.030000000000000000e+02
2.230000000000000000e+02
1.000000000000000000e+00
6.675000000000000000e+03
1.840000000000000000e+02
4.760000000000000000e+02
9.620000000000000000e+02
9.740000000000000000e+02
4.662000000000000000e+03
2.210000000000000000e+02
1.210000000000000000e+02
0.000000000000000000e+00
9.000000000000000000e+00
7.400000000000000000e+01
5.500000000000000000e+02
8.179000000000000000e+03
5.050000000000000000e+02
0.000000000000000000e+00
0.000000000000000000e+00
1.910000000000000000e+02
1.190000000000000000e+02
9.400000000000000000e+01
8.750000000000000000e+03
1.000000000000000000e+00
5.100000000000000000e+01
0.000000000000000000e+00
0.000000000000000000e+00
