2.290000000000000000e+02
1.500000000000000000e+02
4.900000000000000000e+01
1.330200000000000000e+04
0.000000000000000000e+00
0.000000000000000000e+00
2.400000000000000000e+01
6.288800000000000000e+04
3.734000000000000000e+03
8.240000000000000000e+02
2.300000000000000000e+01
1.595800000000000000e+04
3.948000000000000000e+03
2.040000000000000000e+03
2.498000000000000000e+03
1.242100000000000000e+04
1.368400000000000000e+04
1.100000000000000000e+02
7.000000000000000000e+01
4.542000000000000000e+03
2.839000000000000000e+03
1.660000000000000000e+02
5.115000000000000000e+03
1.670700000000000000e+04
3.172000000000000000e+03
5.580000000000000000e+02
2.800000000000000000e+02
4.317000000000000000e+03
4.536600000000000000e+04
1.488970000000000000e+05
2.940600000000000000e+04
1.738000000000000000e+03
1.032000000000000000e+03
5.100000000000000000e+02
6.862000000000000000e+03
0.000000000000000000e+00
2.094000000000000000e+03
1.128000000000000000e+03
6.570000000000000000e+02
3.496600000000000000e+04
7.580000000000000000e+02
4.056000000000000000e+03
1.369500000000000000e+04
4.367600000000000000e+04
1.115000000000000000e+03
2.163100000000000000e+04
3.573600000000000000e+04
8.344800000000000000e+04
3.500000000000000000e+02
1.335000000000000000e+03
1.694000000000000000e+03
8.960000000000000000e+02
3.701600000000000000e+04
2.899000000000000000e+03
0.000000000000000000e+00
4.900000000000000000e+02
2.581800000000000000e+04
5.910000000000000000e+02
0.000000000000000000e+00
1.005000000000000000e+04
4.093900000000000000e+04
1.527760000000000000e+05
6.449000000000000000e+03
3.420000000000000000e+02
4.989300000000000000e+04
1.656150000000000000e+05
3.320600000000000000e+04
7.064000000000000000e+03
4.387000000000000000e+03
1.129700000000000000e+04
7.200000000000000000e+01
5.184400000000000000e+04
1.500000000000000000e+01
2.147000000000000000e+04
3.147900000000000000e+04
1.430900000000000000e+04
5.630000000000000000e+03
0.000000000000000000e+00
1.311400000000000000e+04
1.875300000000000000e+04
0.000000000000000000e+00
0.000000000000000000e+00
0.000000000000000000e+00
2.450000000000000000e+02
2.769400000000000000e+04
4.577100000000000000e+04
1.632000000000000000e+03
1.459000000000000000e+03
3.927800000000000000e+04
0.000000000000000000e+00
1.453000000000000000e+04
4.638000000000000000e+03
1.754960000000000000e+05
7.494000000000000000e+03
1.775000000000000000e+03
1.269800000000000000e+04
7.073500000000000000e+04
3.574000000000000000e+03
0.000000000000000000e+00
0.000000000000000000e+00
7.510200000000000000e+04
2.998100000000000000e+04
5.921000000000000000e+03
3.933000000000000000e+03
2.560300000000000000e+04
1.077000000000000000e+03
3.084000000000000000e+03
2.180000000000000000e+03
0.000000000000000000e+00
0.000000000000000000e+00
1.139000000000000000e+03
8.295000000000000000e+04
1.345150000000000000e+05
2.128300000000000000e+04
1.250100000000000000e+05
0.000000000000000000e+00
1.233500000000000000e+04
2.410000000000000000e+02
1.913500000000000000e+04
4.086600000000000000e+04
1.277000000000000000e+03
3.360500000000000000e+04
1.128400000000000000e+04
2.729800000000000000e+04
5.469000000000000000e+03
1.601730000000000000e+05
2.921900000000000000e+04
7.509000000000000000e+03
3.183000000000000000e+03
9.898000000000000000e+03
0.000000000000000000e+00
2.069900000000000000e+04
3.714000000000000000e+03
9.188100000000000000e+04
3.021000000000000000e+03
1.999700000000000000e+04
3.952000000000000000e+03
5.168000000000000000e+03
1.009100000000000000e+04
7.113000000000000000e+03
3.302900000000000000e+04
4.337000000000000000e+03
1.218800000000000000e+04
1.430400000000000000e+04
2.900000000000000000e+01
8.961000000000000000e+03
1.558000000000000000e+03
1.300000000000000000e+03
8.060000000000000000e+02
0.000000000000000000e+00
6.799000000000000000e+03
9.920000000000000000e+02
4.724400000000000000e+04
1.123600000000000000e+04
1.085000000000000000e+03
3.620000000000000000e+02
2.170000000000000000e+02
1.836000000000000000e+03
1.999000000000000000e+03
1.813000000000000000e+03
0.000000000000000000e+00
0.000000000000000000e+00
2.050000000000000000e+02
2.790000000000000000e+02
1.995000000000000000e+03
0.000000000000000000e+00
3.200000000000000000e+01
2.490800000000000000e+04
6.746000000000000000e+03
