9.462300000000000000e+04
1.420400000000000000e+04
2.267600000000000000e+04
6.060500000000000000e+04
1.785200000000000000e+04
2.371900000000000000e+04
1.193000000000000000e+04
4.386600000000000000e+04
1.463800000000000000e+04
1.494800000000000000e+04
7.300500000000000000e+04
3.321000000000000000e+04
2.553200000000000000e+04
4.578600000000000000e+04
8.960300000000000000e+04
1.560300000000000000e+04
5.840500000000000000e+04
2.239400000000000000e+04
4.012800000000000000e+04
6.039500000000000000e+04
4.796400000000000000e+04
5.301200000000000000e+04
5.147400000000000000e+04
1.087000000000000000e+04
1.392700000000000000e+04
2.375800000000000000e+04
1.922300000000000000e+04
4.189000000000000000e+04
1.129650000000000000e+05
7.640000000000000000e+03
3.076400000000000000e+04
8.939000000000000000e+03
8.832000000000000000e+03
2.247000000000000000e+04
6.278000000000000000e+04
4.591400000000000000e+04
7.834100000000000000e+04
4.383700000000000000e+04
2.293500000000000000e+04
1.026240000000000000e+05
3.090900000000000000e+04
3.390800000000000000e+04
3.265600000000000000e+04
8.048300000000000000e+04
3.430600000000000000e+04
1.686300000000000000e+04
5.746200000000000000e+04
3.154300000000000000e+04
5.698400000000000000e+04
7.522800000000000000e+04
2.357000000000000000e+03
2.194600000000000000e+04
5.750200000000000000e+04
3.415200000000000000e+04
4.492700000000000000e+04
3.505700000000000000e+04
6.628100000000000000e+04
2.370600000000000000e+04
2.805300000000000000e+04
8.213400000000000000e+04
5.840200000000000000e+04
7.734200000000000000e+04
5.658400000000000000e+04
6.428400000000000000e+04
6.622800000000000000e+04
1.970900000000000000e+04
1.027990000000000000e+05
1.011880000000000000e+05
5.688000000000000000e+03
6.152800000000000000e+04
